specpeaks 4096 2048 256
/Brass/Trumpet_C+sordina_harmon/flatterzunge/TpC+SH-flatt-A#3-mf-N-N.wav;0;0;0;0;0;0;0;0;0.0166084;0;0;0;0;0;0;0;0;0;0;0;0;0;0.714589;0;0;0;0;0;0.00986391;0;0;0;0;0;0;0;0;0;0;0;0;0;0;0.168798;0;0;0;0;0;0;0;0;0;0;0;0;0;0;0;0;0;0;0;0;0;0.1476;0;0;0;0;0;0;0;0;0;0;0;0;0;0;0;0;0;0;0;0;0.0444132;0;0;0;0;0;0;0;0;0;0;0;0;0;0;0;0;0;0;0;0;0;0.0390478;0;0;0;0;0;0;0;0;0;0;0;0;0;0;0;0;0;0;0;0;0;0.0466835;0;0;0;0;0;0;0;0;0;0;0;0;0;0;0;0;0;0;0;0;0.0300423;0;0;0;0;0;0;0;0;0;0;0;0;0;0;0;0;0;0;0;0;0;0.0230313;0;0;0;0;0;0;0;0;0;0;0;0;0;0;0;0;0;0;0;0;0.129194;0;0;0;0;0;0;0;0;0;0;0;0;0;0;0;0;0;0;0;0;0;0.0270499;0;0;0;0;0;0;0;0;0;0;0;0;0;0;0;0;0;0;0;0;0;0.0796001;0;0;0;0;0;0.00977412;0;0;0;0;0;0;0;0;0;0;0
/Brass/Trumpet_C+sordina_harmon/flatterzunge/TpC+SH-flatt-A#4-mf-N-N.wav;0;0;0;0;0;0;0;0.0317739;0;0.0438344;0;0;0;0;0;0;0;0;0;0;0;0;0;0;0;0;0;0;0;0;0;0;0;0;0;0;0;0;0;0;0;0;0;0.287621;0;0;0;0;0;0;0;0;0;0;0;0;0;0;0;0;0;0;0;0;0;0;0;0;0;0;0;0;0;0;0;0;0;0;0;0;0;0;0;0;0.0252848;0;0.0848204;0;0;0;0;0;0;0;0;0;0;0;0;0;0;0;0;0;0;0;0;0;0;0;0;0;0;0;0;0;0;0;0;0;0;0;0;0;0;0;0;0;0;0;0.14661;0;0;0;0;0;0;0;0;0;0;0;0;0;0;0;0;0;0;0;0;0;0;0;0;0;0;0;0;0;0;0;0;0;0;0;0;0;0;0;0;0;0;0.064121;0;0;0;0;0;0;0;0;0.0288514;0;0;0;0;0;0;0;0;0;0;0;0;0;0;0;0;0;0;0;0;0;0;0;0;0;0;0;0;0;0;0;0.0481582;0;0.0737982;0;0;0;0;0;0;0;0;0.021254;0;0;0;0;0;0;0;0;0;0;0;0;0;0;0;0;0;0;0;0;0;0;0;0;0;0;0;0.0401304;0;0
/Brass/Trumpet_C+sordina_harmon/flatterzunge/TpC+SH-flatt-A#5-mf-N-N.wav;0;0;0;0;0;0;0;0;0;0;0.0535228;0;0;0;0;0;0;0;0;0;0;0;0;0;0;0;0;0;0;0;0;0;0;0;0;0;0;0;0;0;0;0;0;0;0;0;0;0;0;0;0;0;0;0;0;0;0;0;0;0;0;0;0;0;0;0;0;0;0;0;0;0;0;0;0;0;0;0;0;0;0;0;0;0;0;0;0;0.361442;0;0;0;0;0;0;0;0;0;0;0;0;0;0;0;0;0;0;0;0;0;0;0;0;0;0;0;0;0;0;0;0;0;0;0;0;0;0;0;0;0;0;0;0;0;0;0;0;0;0;0;0;0;0;0;0;0;0;0;0;0;0;0;0;0;0;0;0;0;0;0;0;0;0;0;0;0;0;0;0;0;0;0;0;0;0.227989;0;0;0;0;0;0;0;0;0;0;0;0;0;0;0;0;0;0;0;0;0;0;0;0;0;0;0;0;0;0;0;0;0;0;0;0;0;0;0;0;0;0;0;0;0;0;0;0;0;0;0;0;0;0;0;0;0;0;0;0;0;0;0;0;0;0;0;0;0;0;0;0;0;0;0;0;0;0.151425;0;0;0;0
/Brass/Trumpet_C+sordina_harmon/flatterzunge/TpC+SH-flatt-A3-mf-N-N.wav;0;0;0;0;0;0;0;0.0122939;0;0.0113373;0;0;0.00994407;0;0;0;0;0;0;0;0.623669;0;0;0;0;0;0;0;0;0;0;0;0;0;0;0;0;0;0;0;0;0.19808;0;0;0;0;0;0;0;0;0;0;0;0;0;0;0;0;0;0;0;0.182573;0;0;0;0;0;0;0;0;0;0;0;0;0;0;0;0;0;0;0;0;0.0726086;0;0;0;0;0;0;0;0;0;0;0;0;0;0;0;0;0;0;0;0.0210107;0;0;0;0;0;0;0;0;0;0;0;0;0;0;0;0;0;0;0;0.0323843;0;0;0;0;0;0;0;0;0;0;0;0;0;0;0;0;0;0;0;0;0.0223219;0;0;0;0;0;0;0;0;0;0;0;0;0;0;0;0;0;0;0;0.0199618;0;0;0;0;0;0;0;0;0;0;0;0;0;0;0;0;0;0;0;0.0377709;0;0;0;0;0;0;0;0;0;0;0;0;0;0;0;0;0;0;0;0;0.0774726;0;0;0;0;0;0;0;0;0;0;0;0;0;0;0;0;0;0;0;0.0472792;0;0;0;0;0;0;0;0;0;0;0;0;0;0;0;0;0;0;0;0.0671017;0;0;0;0;0;0;0;0;0;0;0
/Brass/Trumpet_C+sordina_harmon/flatterzunge/TpC+SH-flatt-A4-mf-N-N.wav;0;0;0;0;0;0;0;0;0;0.0440261;0;0;0;0;0;0;0;0;0;0;0;0;0;0;0;0;0;0;0;0;0;0;0;0;0;0;0;0;0;0;0;0.363046;0;0;0;0;0;0;0;0;0;0;0;0;0;0;0;0;0;0;0;0;0;0;0;0;0;0;0;0;0;0;0;0;0;0;0;0;0;0;0;0;0.117231;0;0;0;0;0;0;0;0;0;0;0;0;0;0;0;0;0;0;0;0;0;0;0;0;0;0;0;0;0;0;0;0;0;0;0;0;0;0;0;0;0.0760158;0;0;0;0;0;0;0;0;0;0;0;0;0;0;0;0;0;0;0;0;0;0;0;0;0;0;0;0;0;0;0;0;0;0;0;0;0;0;0;0;0.084067;0;0;0;0;0;0;0;0;0;0;0;0;0;0;0;0;0;0;0;0;0;0;0;0;0;0;0;0;0;0;0;0;0.0343126;0;0;0;0;0;0;0;0.248554;0;0;0;0;0;0;0;0;0;0;0;0;0;0;0;0;0;0;0;0;0;0;0;0;0;0;0;0;0;0;0;0;0;0.0320984;0;0;0;0;0;0;0.202129;0;0;0;0;0;0;0;0;0.0979141
/Brass/Trumpet_C+sordina_harmon/flatterzunge/TpC+SH-flatt-A5-mf-N-N.wav;0;0;0;0;0;0;0;0;0;0;0.0441015;0;0;0;0;0;0;0;0;0;0;0;0;0;0;0;0;0;0;0;0;0;0;0;0;0;0;0;0;0;0;0;0;0;0;0;0;0;0;0;0;0;0;0;0;0;0;0;0;0;0;0;0;0;0;0;0;0;0;0;0;0;0;0.0211606;0;0;0;0;0;0;0;0;0.424012;0;0;0;0;0;0;0;0;0;0;0;0;0;0;0;0;0;0;0;0;0;0;0;0;0;0;0;0;0;0;0;0;0;0;0;0;0;0;0;0;0;0;0;0;0;0;0;0;0;0;0;0;0;0;0;0;0;0;0;0;0;0;0;0;0;0;0;0;0;0;0;0;0;0;0;0;0;0;0;0;0;0.214162;0;0;0;0;0;0;0;0;0;0;0;0;0;0;0;0;0;0;0;0;0;0;0;0;0;0;0;0;0;0;0;0;0;0;0;0;0;0;0;0;0;0;0;0;0;0;0;0;0;0;0;0;0;0;0;0;0;0;0;0;0;0;0;0;0;0;0;0;0;0;0;0.0649353;0;0;0;0;0;0;0;0;0.916402;0;0;0;0;0;0;0;0;0.105389;0
/Brass/Trumpet_C+sordina_harmon/flatterzunge/TpC+SH-flatt-B3-mf-N-N.wav;0;0;0;0;0;0;0;0;0.0132932;0;0;0;0;0;0;0;0;0;0;0;0;0;0;0.907364;0;0;0;0;0;0;0;0;0;0;0;0;0;0;0;0;0;0;0;0;0;0;0.208648;0;0;0;0;0;0;0;0;0;0;0;0;0;0;0;0;0;0;0;0;0;0;0.103445;0;0;0;0;0;0;0;0;0;0;0;0;0;0;0;0;0;0;0;0;0;0;0.0370286;0;0;0;0;0;0;0;0;0;0;0;0;0;0;0;0;0;0;0;0;0;0;0.0310778;0;0;0;0;0;0;0;0;0;0;0;0;0;0;0;0;0;0;0;0;0;0;0.0347923;0;0;0;0;0;0;0;0;0;0;0;0;0;0;0;0;0;0;0;0;0;0;0.0362758;0;0;0;0;0;0;0;0;0;0;0;0;0;0;0;0;0;0;0;0;0;0;0.05623;0;0;0;0;0;0;0;0;0;0;0;0;0;0;0;0;0;0;0;0;0.0581927;0;0.0507862;0;0;0;0;0;0;0;0;0;0;0;0;0;0;0;0;0;0;0;0;0;0;0.0885767;0;0;0;0;0;0;0;0;0;0;0;0;0;0;0;0;0;0;0;0;0;0;0.155381;0;0
/Brass/Trumpet_C+sordina_harmon/flatterzunge/TpC+SH-flatt-B4-mf-N-N.wav;0;0;0;0;0;0;0;0;0;0;0.036287;0;0;0;0;0;0;0;0;0;0;0;0;0;0;0;0;0;0;0;0;0;0;0;0;0;0;0;0;0;0;0;0;0;0;0;0.284342;0;0;0;0;0;0;0;0;0;0;0;0;0;0;0;0;0;0;0;0;0;0;0;0;0;0;0;0;0;0;0;0;0;0;0;0;0;0;0;0;0;0;0;0;0;0.0682834;0;0;0;0;0;0;0;0;0;0;0;0;0;0;0;0;0;0;0;0;0;0;0;0;0;0;0;0;0;0;0;0;0;0;0;0;0;0;0;0;0;0;0.053286;0;0;0.10727;0;0;0;0;0;0;0;0;0;0;0;0;0;0;0;0;0;0;0;0;0;0;0;0;0;0;0;0;0;0;0;0;0;0;0;0;0;0;0;0;0;0;0;0;0.173767;0;0;0;0;0;0;0;0;0;0.0551362;0;0;0;0;0;0;0;0;0;0;0;0;0;0;0;0;0;0;0;0;0;0;0;0;0;0;0;0;0;0;0;0;0;0;0;0.268246;0;0;0;0;0;0;0;0;0;0.0431125;0;0;0;0;0;0;0;0;0;0;0;0;0;0;0;0
/Brass/Trumpet_C+sordina_harmon/flatterzunge/TpC+SH-flatt-B5-mf-N-N.wav;0;0;0;0;0;0;0;0;0;0;0.0570764;0;0;0;0;0;0;0;0;0;0;0;0;0;0;0;0;0;0;0;0;0;0;0;0;0;0;0;0;0;0;0;0;0;0;0;0;0;0;0;0;0;0;0;0;0;0;0;0;0;0;0;0;0;0;0;0;0;0;0;0;0;0;0;0;0;0;0;0;0;0;0;0;0;0;0;0;0;0;0;0;0;0.273163;0;0;0;0;0;0;0;0;0;0;0;0;0;0;0;0;0;0;0;0;0;0;0;0;0;0;0;0;0;0;0;0;0;0;0;0;0;0;0;0;0;0;0;0;0;0;0;0;0;0;0;0;0;0;0;0;0;0;0;0;0;0;0;0;0;0;0;0;0;0;0;0;0;0;0;0;0;0;0;0;0;0;0;0;0;0;0;0;0;0;0.662271;0;0;0;0;0;0;0;0;0;0.0623834;0;0.0564174;0;0;0;0;0;0;0;0;0;0;0;0;0;0;0;0;0;0;0;0;0;0;0;0;0;0;0;0;0;0;0;0;0;0;0;0;0;0;0;0;0;0;0;0;0;0;0;0;0;0;0;0;0;0;0;0;0;0;0;0
/Brass/Trumpet_C+sordina_harmon/flatterzunge/TpC+SH-flatt-C#4-mf-N-N.wav;0;0;0;0;0;0;0.0220829;0;0;0;0.0436409;0;0;0;0;0;0;0;0;0;0.0100233;0;0;0;0;0;0.375383;0;0;0;0;0;0.0147175;0;0;0.0128013;0;0;0;0;0;0;0;0;0;0;0.013416;0;0;0;0;0;0.181488;0;0;0;0;0;0.00750125;0;0;0;0;0;0;0;0;0;0;0;0;0;0;0;0;0;0;0;0.111881;0;0;0;0;0;0;0;0;0;0;0;0;0;0;0;0;0;0;0;0;0;0;0;0;0;0.0122569;0;0;0;0;0;0;0;0;0;0;0;0;0;0;0;0;0;0;0;0;0;0;0;0;0;0.0494573;0;0;0;0;0;0;0;0;0;0;0;0;0;0;0;0;0;0;0;0;0;0;0;0;0;0.0337711;0;0;0;0;0;0;0;0;0;0;0;0;0;0;0;0;0;0;0;0;0;0;0;0;0;0.0279981;0;0;0;0;0;0.00952685;0;0;0.00750249;0;0;0;0;0;0;0;0;0;0.038194;0;0;0;0.0270328;0;0.0260157;0;0;0;0;0;0;0.00584375;0;0;0;0;0;0;0;0;0;0;0;0;0.0136759;0;0;0;0;0;0.0842013;0;0;0;0;0;0;0;0.0164184;0;0;0;0;0;0;0;0;0;0;0;0.0250944;0;0
/Brass/Trumpet_C+sordina_harmon/flatterzunge/TpC+SH-flatt-C#5-mf-N-N.wav;0;0;0;0;0;0;0;0;0;0;0.0448409;0;0;0;0;0;0;0;0;0;0;0;0;0;0;0;0;0;0;0;0;0;0;0;0;0;0;0;0;0;0;0;0;0;0;0;0;0;0;0;0;0;0.280402;0;0;0;0;0;0;0;0;0;0;0;0;0;0;0;0;0;0;0;0;0;0;0;0;0;0;0;0;0;0;0;0;0;0;0;0;0;0;0;0;0;0;0;0;0;0;0;0;0;0;0.0329919;0;0;0;0;0;0;0;0;0;0;0;0;0;0;0;0;0;0;0;0;0;0;0;0;0;0;0;0;0;0;0;0;0;0;0;0;0;0;0;0;0;0;0;0;0;0;0;0;0;0;0;0.182397;0;0;0;0;0;0;0;0;0;0;0;0;0;0;0;0;0;0;0;0;0;0;0;0;0;0;0;0;0;0;0;0;0;0;0;0;0;0;0;0;0;0;0;0;0.0731466;0;0;0;0.26772;0;0.324051;0;0;0;0;0;0;0;0;0;0;0;0;0;0;0;0;0;0;0;0;0;0;0;0;0;0;0;0;0;0;0;0;0;0;0;0;0;0;0;0;0;0;0;0;0.046072;0;0;0;0
/Brass/Trumpet_C+sordina_harmon/flatterzunge/TpC+SH-flatt-C4-mf-N-N.wav;0;0;0;0;0;0;0;0;0.0454132;0;0;0;0;0;0;0;0;0;0;0;0;0;0;0;0;0.652458;0;0;0;0;0;0;0;0.0114903;0;0;0;0;0;0;0;0.00658506;0;0;0;0;0;0;0;0;0.12963;0;0;0;0;0;0;0;0;0;0;0;0;0;0;0;0;0;0;0;0;0;0;0;0.0905311;0;0;0;0;0;0;0;0;0;0;0;0;0;0;0;0;0;0;0;0;0;0;0;0;0.0281513;0;0;0;0;0;0;0;0;0;0;0;0;0;0;0;0;0;0;0;0;0;0;0;0;0.0457711;0;0;0;0;0;0;0;0;0;0;0;0;0;0;0;0;0;0;0;0;0;0;0;0;0.0202568;0;0;0;0;0;0;0;0;0;0;0;0;0;0;0;0;0;0;0;0;0;0.00921946;0;0.0125234;0;0;0;0;0;0;0;0;0;0;0;0;0;0;0;0;0;0;0;0;0;0;0.0602357;0;0.082326;0;0;0;0;0;0;0;0;0;0;0;0;0;0;0;0;0;0;0;0;0;0;0;0;0.0245785;0;0;0;0;0;0;0;0;0;0;0;0;0.00958176;0;0;0;0;0;0;0;0;0;0;0;0.0678479;0;0;0;0;0;0.00996585;0
/Brass/Trumpet_C+sordina_harmon/flatterzunge/TpC+SH-flatt-C5-mf-N-N.wav;0;0;0;0;0;0;0;0;0;0;0.0371401;0;0;0;0;0;0;0;0;0;0;0;0;0;0;0;0;0;0;0;0;0;0;0;0;0;0;0;0;0;0;0;0;0;0;0;0;0;0.309837;0;0;0;0;0;0;0;0;0;0;0;0;0;0;0;0;0;0;0;0;0;0;0;0;0;0;0;0;0;0;0;0;0;0;0;0;0;0;0;0;0;0;0;0;0;0.0285097;0;0;0.0666839;0;0;0;0;0;0;0;0;0;0;0;0;0;0;0;0;0;0;0;0;0;0;0;0;0;0;0;0;0;0;0;0;0;0;0;0;0;0;0;0;0;0;0;0;0;0;0;0.116686;0;0;0;0;0;0;0;0;0;0;0;0;0;0;0;0;0;0;0;0;0;0;0;0;0;0;0;0;0;0;0;0;0;0;0;0;0;0;0;0;0;0;0;0;0;0;0;0.355721;0;0;0;0;0;0;0;0.0796806;0;0;0;0;0;0;0;0;0;0;0;0;0;0;0;0;0;0;0;0;0;0;0;0;0;0;0;0;0;0;0;0;0;0.0433856;0;0;0;0;0;0;0.214507;0;0;0;0;0;0;0;0;0.0707251;0;0;0;0
/Brass/Trumpet_C+sordina_harmon/flatterzunge/TpC+SH-flatt-C6-mf-N-N.wav;0;0;0;0;0;0;0;0;0;0;0;0.101373;0;0;0;0;0;0;0;0;0;0;0;0;0;0;0;0;0;0;0;0;0;0;0;0;0;0;0;0;0;0;0;0;0;0;0;0;0;0;0;0;0;0;0;0;0;0;0;0;0;0;0;0;0;0;0;0;0;0;0;0;0;0;0;0;0;0;0;0;0;0;0;0;0;0;0;0;0;0;0;0;0;0;0;0;0;0;0.226427;0;0;0;0;0;0;0;0;0;0;0;0;0;0;0;0;0;0;0;0;0;0;0;0;0;0;0;0;0;0;0;0;0;0;0;0;0;0;0;0;0;0;0;0;0;0;0;0;0;0;0;0;0;0;0;0;0;0;0;0;0;0;0;0;0;0;0;0;0;0;0;0;0;0;0;0;0;0;0;0;0;0;0;0;0;0;0;0.0884174;0;0;0;0;0;0;0;0;0;1.67135;0;0;0;0;0;0;0;0;0;0.11523;0;0;0;0;0;0;0;0;0;0;0;0;0;0;0;0;0;0;0;0;0;0;0;0;0;0;0;0;0;0;0;0;0;0;0;0;0;0;0;0;0;0;0;0;0;0;0;0;0
/Brass/Trumpet_C+sordina_harmon/flatterzunge/TpC+SH-flatt-D#4-mf-N-N.wav;0;0;0;0;0;0;0;0;0;0.039572;0;0.0400446;0;0;0;0;0;0;0;0;0;0;0;0;0;0;0;0;0;0.409548;0;0;0;0;0;0;0;0;0;0;0;0;0;0;0;0;0;0;0;0;0;0;0.0110706;0;0;0;0;0;0.184905;0;0;0;0;0.0109481;0;0;0;0;0;0;0;0;0;0;0;0;0;0;0;0;0;0;0;0;0;0;0;0;0.0712761;0;0;0;0;0;0;0;0;0;0;0;0;0;0;0;0;0;0;0;0;0;0;0;0;0;0;0;0;0.0299913;0;0;0;0;0;0;0;0;0;0;0;0;0;0;0;0;0;0;0;0;0;0;0;0;0;0;0;0;0.04122;0;0;0;0;0;0;0;0;0;0;0;0;0;0;0;0;0;0;0;0;0;0;0;0;0;0;0;0;0.0280547;0;0;0;0.0115754;0;0;0;0;0;0;0;0;0;0;0;0;0;0;0;0;0;0;0;0;0;0;0.12404;0;0.0999708;0;0;0;0;0;0;0;0;0;0;0;0;0;0;0;0;0;0;0;0;0;0;0.0138069;0;0;0;0;0;0;0.0849879;0;0;0;0;0;0;0;0;0;0;0;0;0;0;0;0;0;0;0;0;0
/Brass/Trumpet_C+sordina_harmon/flatterzunge/TpC+SH-flatt-D#5-mf-N-N.wav;0;0;0;0;0;0;0;0;0;0;0.0554736;0;0;0;0;0;0;0;0;0;0;0;0;0;0;0;0;0;0;0;0;0;0;0;0;0;0;0;0;0;0;0;0;0;0;0;0;0;0;0;0;0;0;0;0;0;0;0.191331;0;0;0;0;0;0;0;0;0;0;0;0;0;0;0;0;0;0;0;0;0;0;0;0;0;0;0;0;0;0;0;0;0;0;0;0;0;0;0;0;0;0;0;0;0;0;0;0;0;0;0;0;0;0;0;0;0.170616;0;0;0;0;0;0;0;0;0;0;0;0;0;0;0;0;0;0;0;0;0;0;0;0;0;0;0;0;0;0;0;0;0;0;0;0;0;0;0;0;0;0;0;0;0;0;0;0;0;0;0;0;0;0;0;0;0.130107;0;0;0;0;0;0;0;0;0;0;0;0;0;0;0;0;0;0;0;0;0;0;0;0;0;0;0;0;0;0;0;0;0;0;0;0;0;0;0;0;0;0;0;0;0;0;0;0;0;0;0;0;0;0;0;0;0.465951;0;0;0;0;0;0;0;0;0;0.046944;0;0;0.0408175;0;0;0;0;0;0;0;0;0;0;0;0;0;0
/Brass/Trumpet_C+sordina_harmon/flatterzunge/TpC+SH-flatt-D4-mf-N-N.wav;0;0;0;0;0;0;0.0188138;0;0;0.0389231;0;0;0;0;0;0;0;0;0;0.00649376;0;0;0;0;0;0;0;0.239527;0;0;0;0;0;0;0;0;0.00901473;0;0.00585635;0;0;0;0;0;0;0;0;0;0;0.00639172;0;0;0;0;0;0.19231;0;0;0;0;0;0.00692196;0;0;0;0;0;0;0;0;0;0;0;0;0;0;0;0;0;0;0;0;0.0866593;0;0;0;0;0;0;0;0;0;0;0;0;0;0;0;0;0;0;0;0;0;0;0;0;0;0;0;0.0176179;0;0;0;0;0;0;0;0;0;0;0;0;0;0;0;0;0;0;0;0;0;0;0;0;0;0;0.0363359;0;0;0;0;0;0;0;0;0;0;0;0;0;0;0;0;0;0;0;0;0;0;0;0;0;0;0;0.0278352;0;0;0;0;0;0;0;0;0;0;0;0;0;0;0;0;0;0;0;0;0;0;0;0;0.0571341;0;0.0763442;0;0;0;0;0;0;0;0.0253105;0;0;0;0;0;0;0;0;0;0;0;0;0;0;0;0;0;0;0;0.0394037;0;0;0;0;0;0;0;0;0;0;0;0;0;0;0;0;0;0;0;0;0;0;0;0;0;0;0.0685423;0;0;0;0;0;0;0;0.0177435
/Brass/Trumpet_C+sordina_harmon/flatterzunge/TpC+SH-flatt-D5-mf-N-N.wav;0;0;0;0;0;0;0;0;0;0;0.0462899;0;0;0;0;0;0;0;0;0;0;0;0;0;0;0;0;0;0;0;0;0;0;0;0;0;0;0;0;0;0;0;0;0;0;0;0;0;0;0;0;0;0;0;0.287501;0;0;0;0;0;0;0;0;0;0;0;0;0;0;0;0;0;0;0;0;0;0;0;0;0;0;0;0;0;0;0;0;0;0;0;0;0;0;0;0;0;0;0;0;0;0;0;0;0;0;0;0;0;0;0.0540222;0;0;0;0;0;0;0;0;0;0;0;0;0;0;0;0;0;0;0;0;0;0;0;0;0;0;0;0;0;0;0;0;0;0;0;0;0;0;0;0;0;0;0;0;0;0;0;0;0;0;0;0;0;0.136044;0;0;0;0;0;0;0;0;0;0;0;0;0;0;0;0;0;0;0;0;0;0;0;0;0;0;0;0;0;0;0;0;0;0;0;0;0;0;0;0;0;0;0;0;0;0;0;0;0;0;0;0;0;0.272368;0;0;0;0;0;0;0;0;0;0.0275102;0;0.0272919;0;0;0;0;0;0;0;0;0;0;0;0;0;0;0;0;0;0;0;0;0;0;0;0;0;0
/Brass/Trumpet_C+sordina_harmon/flatterzunge/TpC+SH-flatt-E4-mf-N-N.wav;0;0;0;0;0;0;0;0;0;0.0479863;0;0;0;0;0;0;0;0;0;0;0;0;0;0;0;0;0;0;0;0;0;0.591622;0;0;0;0;0;0;0;0;0;0;0;0;0;0;0;0;0;0;0;0;0;0;0;0;0;0;0;0;0;0;0.232657;0;0;0;0;0;0;0;0;0;0;0;0;0;0;0;0;0;0;0;0;0;0;0;0;0;0;0;0;0;0;0.0574995;0;0;0;0;0;0;0;0;0;0;0;0;0;0;0;0;0;0;0;0;0;0;0;0;0;0;0;0;0;0;0.0307825;0;0;0;0;0;0;0;0;0;0;0;0;0;0;0;0;0;0;0;0;0;0;0;0;0;0;0;0;0;0.048405;0;0;0;0;0;0;0;0;0;0;0;0;0;0;0;0;0;0;0;0;0;0;0;0;0;0;0;0;0.0743753;0;0.0976037;0;0;0;0;0.0282248;0;0.0293104;0;0;0;0;0;0;0;0;0;0;0;0;0;0;0;0;0;0;0;0;0;0.0590463;0;0.0837018;0;0;0;0;0;0;0;0;0;0;0;0;0;0;0;0;0;0;0;0;0;0;0.0188426;0;0;0;0;0;0.136463;0;0.1528;0;0;0;0;0;0;0;0
/Brass/Trumpet_C+sordina_harmon/flatterzunge/TpC+SH-flatt-E5-mf-N-N.wav;0;0;0;0;0;0;0;0;0;0;0.063342;0;0;0;0;0;0;0;0;0;0;0;0;0;0;0;0;0;0;0;0;0;0;0;0;0;0;0;0;0;0;0;0;0;0;0;0;0;0;0;0;0;0;0;0;0;0;0;0;0;0.469606;0;0;0;0;0;0;0;0;0;0;0;0;0;0;0;0;0;0;0;0;0;0;0;0;0;0;0;0;0;0;0;0;0;0;0;0;0;0;0;0;0;0;0;0;0;0;0;0;0;0;0;0;0;0;0;0;0;0;0;0;0.245988;0;0;0;0;0;0;0;0;0;0;0;0;0;0;0;0;0;0;0;0;0;0;0;0;0;0;0;0;0;0;0;0;0;0;0;0;0;0;0;0;0;0;0;0;0;0;0;0;0;0;0;0;0;0;0;0;0;0;0;0.335566;0;0;0;0;0;0;0;0;0;0.0636851;0;0;0;0;0;0;0;0;0;0;0;0;0;0;0;0;0;0;0;0;0;0;0;0;0;0;0;0;0;0;0;0;0;0;0;0;0;0;0;0.0557155;0;0;0;0;0;0;0;0;0;0.882057;0;0;0;0;0;0;0;0;0;0.0931132;0;0;0;0
/Brass/Trumpet_C+sordina_harmon/flatterzunge/TpC+SH-flatt-F#3-mf-N-N.wav;0;0;0;0;0;0;0;0;0;0;0.0157806;0;0;0;0;0;0;0.71809;0;0;0;0;0;0;0;0;0;0;0;0;0;0;0;0;0.253434;0;0;0.0963755;0;0;0;0;0;0;0;0;0.0109208;0;0;0;0;0.150114;0;0;0;0;0;0;0;0;0;0;0;0;0;0;0.0164038;0;0.0557055;0;0;0.0215752;0;0;0;0;0;0;0;0;0;0;0;0.0222168;0;0;0.0257458;0;0;0;0;0;0;0;0;0;0;0;0;0;0.018075;0;0;0.0253941;0;0;0;0;0;0;0;0;0;0;0;0;0;0;0;0;0.0227201;0;0;0;0;0;0;0;0;0;0;0;0;0;0.026078;0;0;0.0359239;0;0;0;0;0;0;0;0;0;0;0;0;0;0;0;0;0.0172954;0;0;0;0;0;0;0;0;0;0;0;0;0;0;0;0;0;0;0;0;0;0;0;0;0;0;0;0;0;0;0;0;0;0.0516066;0;0;0;0;0;0;0;0;0;0;0;0.0270912;0;0;0.0481229;0;0.0558746;0;0;0;0;0;0;0;0;0;0;0;0;0;0;0;0;0.0202303;0;0;0;0;0;0;0.015128;0;0;0;0;0;0;0;0.0446625;0;0.062521;0;0;0;0;0.0236023;0;0;0;0;0;0;0;0;0;0.0431993;0
/Brass/Trumpet_C+sordina_harmon/flatterzunge/TpC+SH-flatt-F#4-mf-N-N.wav;0;0;0;0;0;0;0;0;0.0637212;0;0;0;0;0;0;0;0;0;0;0;0;0;0;0;0;0;0;0;0;0;0;0;0;0;0.558169;0;0;0;0;0;0;0;0;0;0;0;0;0;0;0;0;0;0;0;0;0;0;0;0;0;0;0;0;0;0;0;0;0;0;0.0856857;0;0;0;0;0;0;0;0;0;0;0;0;0;0;0;0;0;0;0;0;0;0;0;0;0;0;0;0;0;0;0;0;0;0.0623906;0;0;0;0;0;0;0;0;0;0;0;0;0;0;0;0;0;0;0;0;0;0;0;0;0;0;0;0;0;0;0;0.0261154;0;0.0481038;0;0;0;0;0;0;0;0;0;0;0;0;0;0;0;0;0;0;0;0;0;0;0;0;0;0;0;0;0;0;0;0.0214991;0;0;0.0459828;0;0;0;0;0;0;0;0;0;0;0;0;0;0;0;0;0;0;0;0;0;0;0;0;0;0;0;0;0;0;0;0.115746;0;0.121831;0;0;0.0258749;0;0.0201583;0;0;0;0;0;0;0;0;0;0;0;0;0;0;0;0;0;0;0;0;0;0.0290895;0;0;0;0;0.124639;0;0;0.18108;0;0.0798227;0;0;0.0712593;0;0;0.0461115;0;0;0;0;0;0
/Brass/Trumpet_C+sordina_harmon/flatterzunge/TpC+SH-flatt-F#5-mf-N-N.wav;0;0;0;0;0;0;0;0;0.0480944;0;0.0496868;0;0;0;0;0;0;0;0;0;0;0;0;0;0;0;0;0;0;0;0;0;0;0;0;0;0;0;0;0;0;0;0;0;0;0;0;0;0;0;0;0;0;0;0;0;0;0;0;0;0;0;0;0;0;0;0;0;0;0.455445;0;0;0;0;0;0;0;0;0;0;0;0;0;0;0;0;0;0;0;0;0;0;0;0;0;0;0;0;0;0;0;0;0;0;0;0;0;0;0;0;0;0;0;0;0;0;0;0;0;0;0;0;0;0;0;0;0;0;0.0249441;0;0;0;0;0;0;0;0;0;0.175079;0;0;0;0;0;0;0;0;0;0.0243699;0;0;0;0;0;0;0;0;0;0;0;0;0;0;0;0;0;0;0;0;0;0;0;0;0;0;0;0;0;0;0;0;0;0;0;0;0;0;0;0;0;0;0;0;0;0;0;0.0927723;0;0;0;0;0.030338;0;0;0;0;0;0.464529;0;0;0;0;0;0;0;0;0;0.0536469;0;0;0;0;0;0;0;0;0;0;0;0;0;0;0;0;0;0;0;0;0;0;0;0;0;0;0;0;0;0;0;0;0;0;0;0;0;0
/Brass/Trumpet_C+sordina_harmon/flatterzunge/TpC+SH-flatt-F4-mf-N-N.wav;0;0;0;0;0;0;0;0;0;0.0864527;0;0;0;0;0;0;0;0;0;0;0;0;0;0;0;0;0;0;0;0;0;0;0.572889;0;0;0;0;0;0;0;0;0;0;0;0;0;0;0;0;0;0;0;0;0;0;0;0;0;0;0;0;0;0;0;0;0.153556;0;0;0;0;0;0;0;0;0;0;0;0;0;0;0;0;0;0;0;0;0;0;0;0;0;0;0;0;0;0;0;0.0848221;0;0;0;0;0;0;0;0;0;0;0;0;0;0;0;0;0;0;0;0;0;0;0;0;0;0;0;0;0;0;0;0.0900392;0;0;0;0;0;0;0;0;0;0;0;0;0;0;0;0;0;0;0;0;0;0;0;0;0;0;0;0;0;0;0;0;0.0520752;0;0;0;0;0;0;0;0;0;0;0;0;0;0;0;0;0;0;0;0;0;0;0;0;0;0;0;0;0;0;0;0.313591;0;0;0;0;0;0.0527974;0;0;0.0318077;0;0;0;0;0;0;0;0;0;0;0;0;0;0;0;0;0;0;0;0;0;0;0.0849097;0;0;0;0;0;0;0.0437255;0;0;0.0241575;0;0;0;0;0;0;0;0;0;0;0;0;0;0;0;0;0;0;0
/Brass/Trumpet_C+sordina_harmon/flatterzunge/TpC+SH-flatt-F5-mf-N-N.wav;0;0;0;0;0;0;0;0;0;0;0.0764808;0;0;0;0;0;0;0;0;0;0;0;0;0;0;0;0;0;0;0;0;0;0;0;0;0;0;0;0;0;0;0;0;0;0;0;0;0;0;0;0;0;0;0;0;0;0;0;0;0;0;0;0;0;0;0.647128;0;0;0;0;0;0;0;0;0;0;0;0;0;0;0;0;0;0;0;0;0;0;0;0;0;0;0;0;0;0;0;0;0;0;0;0;0;0;0;0;0;0;0;0;0;0;0;0;0;0;0;0;0;0;0;0;0;0;0;0;0;0;0;0.289266;0;0;0;0;0;0;0;0;0;0;0;0;0;0;0;0;0;0;0;0;0;0;0;0;0;0;0;0;0;0;0;0;0;0;0;0;0;0;0;0;0;0;0;0;0;0;0;0;0;0;0;0;0;0;0;0.0581815;0;0;0;0;0;0;0;0;1.04081;0;0;0;0;0;0;0;0;0.114336;0;0;0;0;0;0;0;0;0;0;0;0;0;0;0;0;0;0;0;0;0;0;0;0;0;0;0;0;0;0;0;0;0;0;0;0;0;0;0;0;0;0;0;0;0;0;0.128082;0;0;0;0;0
/Brass/Trumpet_C+sordina_harmon/flatterzunge/TpC+SH-flatt-G#3-mf-N-N.wav;0;0;0;0;0;0;0;0;0;0;0;0;0;0;0;0;0;0;0;0.697958;0;0;0;0;0;0;0;0;0;0;0;0;0;0;0;0;0;0;0;0.221924;0;0;0;0;0;0;0;0;0;0;0;0;0;0;0;0;0;0;0.213808;0;0;0;0;0;0;0;0;0;0;0;0;0;0;0;0;0;0;0.0782354;0;0;0;0;0;0;0;0;0;0;0;0;0;0;0;0;0;0;0.0356784;0;0;0;0;0;0;0;0;0;0;0;0;0;0;0;0;0;0;0;0.0208378;0;0;0;0;0;0;0;0;0;0;0;0;0;0;0;0;0;0;0.0424349;0;0;0;0;0;0;0;0;0;0;0;0;0;0;0;0;0;0;0.0282466;0;0;0;0;0;0;0;0;0;0;0;0;0;0;0;0;0;0;0.0232081;0;0;0;0;0;0;0;0;0;0;0;0;0;0;0;0;0;0;0;0.152069;0;0;0;0;0;0;0;0;0;0;0;0;0;0;0;0;0;0;0.0489208;0;0;0;0;0;0;0;0;0;0;0;0;0;0;0;0;0;0;0.0923087;0;0;0;0;0;0;0;0;0;0;0;0;0;0;0;0;0;0;0.152515;0;0;0;0;0
/Brass/Trumpet_C+sordina_harmon/flatterzunge/TpC+SH-flatt-G#4-mf-N-N.wav;0;0;0;0;0;0;0;0;0;0;0.0460771;0;0;0;0;0;0;0;0;0;0;0;0;0;0;0;0;0;0;0;0;0;0;0;0;0;0;0;0;0.357009;0;0;0;0;0;0;0;0;0;0;0;0;0;0;0;0;0;0;0;0;0;0;0;0;0;0;0;0;0;0;0;0;0;0;0;0;0;0.127431;0;0;0;0;0;0;0;0;0;0;0;0;0;0;0;0;0;0;0;0;0;0;0;0;0;0;0;0;0;0;0;0;0;0;0;0.021957;0;0;0.0614468;0;0;0;0;0;0;0;0;0;0;0;0;0;0;0;0;0;0;0;0;0;0;0;0;0;0;0;0;0;0;0;0;0;0;0;0;0;0.0948021;0;0;0;0;0;0;0;0;0;0;0;0;0;0;0;0;0;0;0;0;0;0;0;0;0;0;0;0;0;0;0;0;0;0;0;0;0;0;0.32145;0;0;0;0;0;0;0;0.0437093;0;0;0;0;0;0;0;0;0;0;0;0;0;0;0;0;0;0;0;0;0;0;0;0;0;0;0;0.0941254;0;0.152706;0;0;0.0789048;0;0;0;0;0;0.0264992;0;0;0;0;0;0;0;0;0;0;0;0;0;0;0
/Brass/Trumpet_C+sordina_harmon/flatterzunge/TpC+SH-flatt-G#5-mf-N-N.wav;0;0;0;0;0;0;0;0;0;0;0.0477077;0;0;0;0;0;0;0;0;0;0;0;0;0;0;0;0;0;0;0;0;0;0;0;0;0;0;0;0;0;0;0;0;0;0;0;0;0;0;0;0;0;0;0;0;0;0;0;0;0;0;0;0;0;0;0;0;0;0;0;0;0;0;0;0;0;0;0;0.306548;0;0;0;0;0;0;0;0;0;0;0;0;0;0;0;0;0;0;0;0;0;0;0;0;0;0;0;0;0;0;0;0;0;0;0;0;0;0;0;0;0;0;0;0;0;0;0;0;0;0;0;0;0;0;0;0;0;0;0;0;0;0;0;0;0;0;0;0;0;0;0;0;0;0;0;0;0.277252;0;0;0;0;0;0;0;0;0;0;0;0;0;0;0;0;0;0;0;0;0;0;0;0;0;0;0;0;0;0;0;0;0;0;0;0;0;0;0;0;0;0;0;0;0;0;0;0;0;0;0;0;0;0;0;0;0;0;0;0;0;0;0;0;0;0;0;0;0.075323;0;0;0;0;0;0;0;0;0.80808;0;0;0;0;0;0;0;0;0.0505917;0;0;0;0;0;0;0;0;0;0;0;0;0
/Brass/Trumpet_C+sordina_harmon/flatterzunge/TpC+SH-flatt-G3-mf-N-N.wav;0;0;0;0;0;0;0;0.0181306;0;0;0.023541;0;0;0;0;0;0;0;0.605853;0;0;0;0;0.0114625;0;0;0.011886;0;0;0;0;0;0;0;0;0;0;0.278703;0;0;0;0;0;0;0;0;0;0;0;0;0;0;0;0;0;0.195826;0;0;0;0;0;0;0;0;0;0;0;0;0;0;0;0;0;0.0488458;0;0;0.0110926;0;0;0;0;0;0;0;0;0;0;0;0;0.00936626;0;0;0.0219061;0;0;0;0;0;0;0;0;0;0;0;0;0;0;0;0;0;0.0230581;0;0;0;0;0;0;0;0;0;0;0;0;0;0;0;0;0;0.0348754;0;0;0;0;0;0;0;0;0;0;0;0;0;0;0;0;0;0;0.0236326;0;0;0;0;0;0;0;0;0;0;0;0;0;0;0;0;0;0.0159154;0;0;0;0;0;0;0;0;0;0;0;0;0;0;0;0;0;0.0332694;0;0;0;0;0;0;0;0.00999387;0;0;0;0;0;0;0;0;0;0;0.0890291;0;0;0;0;0;0;0;0;0;0;0;0;0;0;0;0;0;0.0165077;0;0;0;0;0;0;0;0;0;0;0;0;0;0;0;0;0;0.0531796;0;0;0;0;0;0;0;0.0133149;0;0;0;0;0;0;0;0;0
/Brass/Trumpet_C+sordina_harmon/flatterzunge/TpC+SH-flatt-G4-mf-N-N.wav;0;0;0;0;0;0;0;0;0;0.0697249;0;0;0;0;0;0;0;0;0;0;0;0;0;0;0;0;0;0;0;0;0;0;0;0;0;0;0.703357;0;0;0;0;0;0;0;0;0;0;0;0;0;0;0;0;0;0;0;0;0;0;0;0;0;0;0;0;0;0;0;0;0;0;0;0;0.168997;0;0;0;0;0;0;0;0;0;0;0;0;0;0;0;0;0;0;0;0;0;0;0;0;0;0;0;0;0;0;0;0;0;0;0;0.0487225;0;0;0;0;0;0;0;0;0;0;0;0;0;0;0;0;0;0;0;0;0;0;0;0;0;0;0;0;0;0;0;0;0;0.0409937;0;0;0.117766;0;0;0;0;0;0;0;0;0;0;0;0;0;0;0;0;0;0;0;0;0;0;0;0;0;0;0;0;0;0;0;0;0;0;0;0.145949;0;0;0;0;0;0;0;0;0;0.0391592;0;0;0;0;0;0;0;0;0;0;0;0;0;0;0;0;0;0;0;0;0;0;0;0;0;0.180215;0;0;0;0;0;0;0.0371327;0;0;0;0;0;0;0;0;0;0;0;0;0;0;0;0;0;0;0;0;0;0;0;0;0;0;0;0;0;0.376951
/Brass/Trumpet_C+sordina_harmon/flatterzunge/TpC+SH-flatt-G5-mf-N-N.wav;0;0;0;0;0;0;0;0;0.052207;0;0.0413133;0;0;0;0;0;0;0;0;0;0;0;0;0;0;0;0;0;0;0;0;0;0;0;0;0;0;0;0;0;0;0;0;0;0;0;0;0;0;0;0;0;0;0;0;0;0;0;0;0;0;0;0;0;0;0;0;0;0;0;0;0;0;0.464628;0;0;0;0;0;0;0;0;0;0;0;0;0;0;0;0;0;0;0;0;0;0;0;0;0;0;0;0;0;0;0;0;0;0;0;0;0;0;0;0;0;0;0;0;0;0;0;0;0;0;0;0;0;0;0;0;0;0;0;0;0;0;0;0;0;0;0;0;0;0;0;0;0.301742;0;0;0;0;0;0;0;0;0;0;0;0;0;0;0;0;0;0;0;0;0;0;0;0;0;0;0;0;0;0;0;0;0;0;0;0;0;0;0;0;0;0;0;0;0;0;0;0;0;0;0;0;0;0;0;0;0;0;0;0;0;0;0;0;0;0;0;0;0;0;0;0;0.575346;0;0;0;0;0;0;0;0;0;0.0261228;0;0;0.0278157;0;0;0;0;0;0;0;0;0;0;0;0;0;0;0;0;0;0;0;0;0;0;0
/Brass/Trumpet_C+sordina_harmon/ordinario/TpC+SH-ord-A#3-mf-N-N.wav;0;0;0;0;0;0;0;0;0;0;0;0;0;0;0;0;0;0;0;0;0;0;0.726691;0;0;0;0;0;0;0;0;0;0;0;0;0;0;0;0;0;0;0;0;0.203468;0;0;0;0;0;0;0;0;0;0;0;0;0;0;0;0;0;0;0;0;0;0.12602;0;0;0;0;0;0;0;0;0;0;0;0;0;0;0;0;0;0;0;0;0.0519589;0;0;0;0;0;0;0;0;0;0;0;0;0;0;0;0;0;0;0;0;0;0.0370311;0;0;0;0;0;0;0;0;0;0;0;0;0;0;0;0;0;0;0;0;0.0633178;0;0;0;0;0;0;0;0;0;0;0;0;0;0;0;0;0;0;0;0;0;0.0397937;0;0;0;0;0;0;0;0;0;0;0;0;0;0;0;0;0;0;0;0;0.0301849;0;0;0;0;0;0;0;0;0;0;0;0;0;0;0;0;0;0;0;0;0;0.156071;0;0;0;0;0;0;0;0;0;0;0;0;0;0;0;0;0;0;0;0;0.0496894;0;0;0;0;0;0;0;0;0;0;0;0;0;0;0;0;0;0;0;0;0.12873;0;0;0;0;0;0;0;0;0;0;0;0;0;0;0;0;0;0;0
/Brass/Trumpet_C+sordina_harmon/ordinario/TpC+SH-ord-A#4-mf-N-N.wav;0;0;0;0;0;0;0;0;0;0;0;0;0;0;0;0;0;0;0;0;0;0;0;0;0;0;0;0;0;0;0;0;0;0;0;0;0;0;0;0;0;0;0;0.334216;0;0;0;0;0;0;0;0;0;0;0;0;0;0;0;0;0;0;0;0;0;0;0;0;0;0;0;0;0;0;0;0;0;0;0;0;0;0;0;0;0;0;0;0.101959;0;0;0;0;0;0;0;0;0;0;0;0;0;0;0;0;0;0;0;0;0;0;0;0;0;0;0;0;0;0;0;0;0;0;0;0;0;0;0;0;0;0;0.170415;0;0;0;0;0;0;0;0;0;0;0;0;0;0;0;0;0;0;0;0;0;0;0;0;0;0;0;0;0;0;0;0;0;0;0;0;0;0;0;0;0;0;0.077748;0;0;0;0;0;0;0;0;0;0;0;0;0;0;0;0;0;0;0;0;0;0;0;0;0;0;0;0;0;0;0;0;0;0;0;0;0;0;0;0;0;0;0.104761;0;0;0;0;0;0;0;0;0;0;0;0;0;0;0;0;0;0;0;0;0;0;0;0;0;0;0;0;0;0;0;0;0;0;0;0;0;0;0
/Brass/Trumpet_C+sordina_harmon/ordinario/TpC+SH-ord-A#5-mf-N-N.wav;0;0;0;0;0;0;0;0;0;0;0;0;0;0;0;0;0;0;0;0;0;0;0;0;0;0;0;0;0;0;0;0;0;0;0;0;0;0;0;0;0;0;0;0;0;0;0;0;0;0;0;0;0;0;0;0;0;0;0;0;0;0;0;0;0;0;0;0;0;0;0;0;0;0;0;0;0;0;0;0;0;0;0;0;0;0;0.405446;0;0;0;0;0;0;0;0;0;0;0;0;0;0;0;0;0;0;0;0;0;0;0;0;0;0;0;0;0;0;0;0;0;0;0;0;0;0;0;0;0;0;0;0;0;0;0;0;0;0;0;0;0;0;0;0;0;0;0;0;0;0;0;0;0;0;0;0;0;0;0;0;0;0;0;0;0;0;0;0;0;0;0;0;0;0;0.291907;0;0;0;0;0;0;0;0;0;0;0;0;0;0;0;0;0;0;0;0;0;0;0;0;0;0;0;0;0;0;0;0;0;0;0;0;0;0;0;0;0;0;0;0;0;0;0;0;0;0;0;0;0;0;0;0;0;0;0;0;0;0;0;0;0;0;0;0;0;0;0;0;0;0;0;0;0;0;0;0;0;0
/Brass/Trumpet_C+sordina_harmon/ordinario/TpC+SH-ord-A3-mf-N-T16u.wav;0;0;0;0;0;0;0;0;0;0;0;0;0;0;0;0;0;0;0;0;0.623977;0;0;0;0;0;0;0;0;0;0;0;0;0;0;0;0;0;0;0;0;0.225913;0;0;0;0;0;0;0;0;0;0;0;0;0;0;0;0;0;0;0;0.169078;0;0;0;0;0;0;0;0;0;0;0;0;0;0;0;0;0;0;0;0;0.0949175;0;0;0;0;0;0;0;0;0;0;0;0;0;0;0;0;0;0;0;0.0305837;0;0;0;0;0;0;0;0;0;0;0;0;0;0;0;0;0;0;0;0.0431432;0;0;0;0;0;0;0;0;0;0;0;0;0;0;0;0;0;0;0;0;0.0453023;0;0;0;0;0;0;0;0;0;0;0;0;0;0;0;0;0;0;0;0.031275;0;0;0;0;0;0;0;0;0;0;0;0;0;0;0;0;0;0;0;0;0.0794445;0;0;0;0;0;0;0;0;0;0;0;0;0;0;0;0;0;0;0;0.193241;0;0;0;0;0;0;0;0;0;0;0;0;0;0;0;0;0;0;0;0.0618674;0;0;0;0;0;0;0;0;0;0;0;0;0;0;0;0;0;0;0;0;0.177485;0;0;0;0;0;0;0;0;0;0
/Brass/Trumpet_C+sordina_harmon/ordinario/TpC+SH-ord-A4-mf-N-N.wav;0;0;0;0;0;0;0;0;0;0;0;0;0;0;0;0;0;0;0;0;0;0;0;0;0;0;0;0;0;0;0;0;0;0;0;0;0;0;0;0;0;0.39241;0;0;0;0;0;0;0;0;0;0;0;0;0;0;0;0;0;0;0;0;0;0;0;0;0;0;0;0;0;0;0;0;0;0;0;0;0;0;0;0;0.136293;0;0;0;0;0;0;0;0;0;0;0;0;0;0;0;0;0;0;0;0;0;0;0;0;0;0;0;0;0;0;0;0;0;0;0;0;0;0;0;0;0.0836363;0;0;0;0;0;0;0;0;0;0;0;0;0;0;0;0;0;0;0;0;0;0;0;0;0;0;0;0;0;0;0;0;0;0;0;0;0;0;0;0;0.0867911;0;0;0;0;0;0;0;0;0;0;0;0;0;0;0;0;0;0;0;0;0;0;0;0;0;0;0;0;0;0;0;0;0;0;0;0;0;0;0;0.348455;0;0;0;0;0;0;0;0;0;0;0;0;0;0;0;0;0;0;0;0;0;0;0;0;0;0;0;0;0;0;0;0;0;0;0;0;0;0;0;0;0.250313;0;0;0;0;0;0;0;0;0;0
/Brass/Trumpet_C+sordina_harmon/ordinario/TpC+SH-ord-A5-mf-N-N.wav;0;0;0;0;0;0;0;0;0;0;0;0;0;0;0;0;0;0;0;0;0;0;0;0;0;0;0;0;0;0;0;0;0;0;0;0;0;0;0;0;0;0;0;0;0;0;0;0;0;0;0;0;0;0;0;0;0;0;0;0;0;0;0;0;0;0;0;0;0;0;0;0;0;0;0;0;0;0;0;0;0;0;0.449733;0;0;0;0;0;0;0;0;0;0;0;0;0;0;0;0;0;0;0;0;0;0;0;0;0;0;0;0;0;0;0;0;0;0;0;0;0;0;0;0;0;0;0;0;0;0;0;0;0;0;0;0;0;0;0;0;0;0;0;0;0;0;0;0;0;0;0;0;0;0;0;0;0;0;0;0;0;0;0;0;0.290079;0;0;0;0;0;0;0;0;0;0;0;0;0;0;0;0;0;0;0;0;0;0;0;0;0;0;0;0;0;0;0;0;0;0;0;0;0;0;0;0;0;0;0;0;0;0;0;0;0;0;0;0;0;0;0;0;0;0;0;0;0;0;0;0;0;0;0;0;0;0;0;0;0;0;0;0;0;0;0;0;0;1.23429;0;0;0;0;0;0;0;0;0.0123226;0
/Brass/Trumpet_C+sordina_harmon/ordinario/TpC+SH-ord-B3-mf-N-N.wav;0;0;0;0;0;0;0;0;0;0;0;0;0;0;0;0;0;0;0;0;0;0;0;0.925799;0;0;0;0;0;0;0;0;0;0;0;0;0;0;0;0;0;0;0;0;0;0;0.212321;0;0;0;0;0;0;0;0;0;0;0;0;0;0;0;0;0;0;0;0;0;0;0.0882113;0;0;0;0;0;0;0;0;0;0;0;0;0;0;0;0;0;0;0;0;0;0;0.0366169;0;0;0;0;0;0;0;0;0;0;0;0;0;0;0;0;0;0;0;0;0;0.0349952;0;0;0;0;0;0;0;0;0;0;0;0;0;0;0;0;0;0;0;0;0;0;0.0491324;0;0;0;0;0;0;0;0;0;0;0;0;0;0;0;0;0;0;0;0;0;0;0.0610981;0;0;0;0;0;0;0;0;0;0;0;0;0;0;0;0;0;0;0;0;0;0;0.0935763;0;0;0;0;0;0;0;0;0;0;0;0;0;0;0;0;0;0;0;0;0;0;0.130221;0;0;0;0;0;0;0;0;0;0;0;0;0;0;0;0;0;0;0;0;0;0;0.100687;0;0;0;0;0;0;0;0;0;0;0;0;0;0;0;0;0;0;0;0;0;0;0.180034;0;0;0
/Brass/Trumpet_C+sordina_harmon/ordinario/TpC+SH-ord-B4-mf-N-N.wav;0;0;0;0;0;0;0;0;0;0;0;0;0;0;0;0;0;0;0;0;0;0;0;0;0;0;0;0;0;0;0;0;0;0;0;0;0;0;0;0;0;0;0;0;0;0;0.35948;0;0;0;0;0;0;0;0;0;0;0;0;0;0;0;0;0;0;0;0;0;0;0;0;0;0;0;0;0;0;0;0;0;0;0;0;0;0;0;0;0;0;0;0;0;0.0685373;0;0;0;0;0;0;0;0;0;0;0;0;0;0;0;0;0;0;0;0;0;0;0;0;0;0;0;0;0;0;0;0;0;0;0;0;0;0;0;0;0;0;0;0;0.141951;0;0;0;0;0;0;0;0;0;0;0;0;0;0;0;0;0;0;0;0;0;0;0;0;0;0;0;0;0;0;0;0;0;0;0;0;0;0;0;0;0;0;0;0;0;0.262241;0;0;0;0;0;0;0;0;0;0;0;0;0;0;0;0;0;0;0;0;0;0;0;0;0;0;0;0;0;0;0;0;0;0;0;0;0;0;0;0;0;0;0;0;0;0.306665;0;0;0;0;0;0;0;0;0;0;0;0;0;0;0;0;0;0;0;0;0;0;0;0;0;0
/Brass/Trumpet_C+sordina_harmon/ordinario/TpC+SH-ord-B5-mf-N-N.wav;0;0;0;0;0;0;0;0;0;0;0;0;0;0;0;0;0;0;0;0;0;0;0;0;0;0;0;0;0;0;0;0;0;0;0;0;0;0;0;0;0;0;0;0;0;0;0;0;0;0;0;0;0;0;0;0;0;0;0;0;0;0;0;0;0;0;0;0;0;0;0;0;0;0;0;0;0;0;0;0;0;0;0;0;0;0;0;0;0;0;0;0;0.40022;0;0;0;0;0;0;0;0;0;0;0;0;0;0;0;0;0;0;0;0;0;0;0;0;0;0;0;0;0;0;0;0;0;0;0;0;0;0;0;0;0;0;0;0;0;0;0;0;0;0;0;0;0;0;0;0;0;0;0;0;0;0;0;0;0;0;0;0;0;0;0;0;0;0;0;0;0;0;0;0;0;0;0;0;0;0;0;0;0;0;0;0.776087;0;0;0;0;0;0;0;0;0;0;0;0;0;0;0;0;0;0;0;0;0;0;0;0;0;0;0;0;0;0;0;0;0;0;0;0;0;0;0;0;0;0;0;0;0;0;0;0;0;0;0;0;0;0;0;0;0;0;0;0;0;0;0;0;0;0;0;0;0;0;0
/Brass/Trumpet_C+sordina_harmon/ordinario/TpC+SH-ord-C#4-mf-N-T10u.wav;0;0;0;0;0;0;0;0;0;0.00588764;0;0;0;0;0;0;0;0;0;0;0;0;0;0;0;0;0.246748;0;0;0;0;0;0;0;0;0;0;0;0;0;0;0;0;0;0;0;0;0;0;0;0;0.169976;0;0;0;0;0;0;0;0;0;0;0;0;0;0;0;0;0;0;0;0;0;0;0;0;0;0.117784;0;0;0;0;0;0;0;0;0;0;0;0;0;0;0;0;0;0;0;0;0;0;0;0;0;0.0253482;0;0;0;0;0;0;0;0;0;0;0;0;0;0;0;0;0;0;0;0;0;0;0;0;0;0.0614209;0;0;0;0;0;0;0;0;0;0;0;0;0;0;0;0;0;0;0;0;0;0;0;0;0.0507378;0;0;0;0;0;0;0;0;0;0;0;0;0;0;0;0;0;0;0;0;0;0;0;0;0;0.0441919;0;0;0;0;0;0;0;0;0;0;0;0;0;0;0;0;0;0;0;0;0;0;0;0;0;0.136102;0;0;0;0;0;0;0;0;0;0;0;0;0;0;0;0;0;0;0;0;0;0;0;0;0;0.100438;0;0;0;0;0;0;0;0;0;0;0;0;0;0;0;0;0;0;0;0;0;0;0
/Brass/Trumpet_C+sordina_harmon/ordinario/TpC+SH-ord-C#5-mf-N-N.wav;0;0;0;0;0;0;0;0;0;0;0;0;0;0;0;0;0;0;0;0;0;0;0;0;0;0;0;0;0;0;0;0;0;0;0;0;0;0;0;0;0;0;0;0;0;0;0;0;0;0;0;0.270146;0;0;0;0;0;0;0;0;0;0;0;0;0;0;0;0;0;0;0;0;0;0;0;0;0;0;0;0;0;0;0;0;0;0;0;0;0;0;0;0;0;0;0;0;0;0;0;0;0;0;0;0.0315398;0;0;0;0;0;0;0;0;0;0;0;0;0;0;0;0;0;0;0;0;0;0;0;0;0;0;0;0;0;0;0;0;0;0;0;0;0;0;0;0;0;0;0;0;0;0;0;0;0;0;0.211631;0;0;0;0;0;0;0;0;0;0;0;0;0;0;0;0;0;0;0;0;0;0;0;0;0;0;0;0;0;0;0;0;0;0;0;0;0;0;0;0;0;0;0;0;0;0;0;0;0;0;0.556175;0;0;0;0;0;0;0;0;0;0;0;0;0;0;0;0;0;0;0;0;0;0;0;0;0;0;0;0;0;0;0;0;0;0;0;0;0;0;0;0;0;0;0;0;0;0;0;0;0;0
/Brass/Trumpet_C+sordina_harmon/ordinario/TpC+SH-ord-C#6-mf-N-N.wav;0;0;0;0;0;0;0;0;0;0;0;0;0;0;0;0;0;0;0;0;0;0;0;0;0;0;0;0;0;0;0;0;0;0;0;0;0;0;0;0;0;0;0;0;0;0;0;0;0;0;0;0;0;0;0;0;0;0;0;0;0;0;0;0;0;0;0;0;0;0;0;0;0;0;0;0;0;0;0;0;0;0;0;0;0;0;0;0;0;0;0;0;0;0;0;0;0;0;0;0;0;0;0;0.344853;0;0;0;0;0;0;0;0;0;0;0;0;0;0;0;0;0;0;0;0;0;0;0;0;0;0;0;0;0;0;0;0;0;0;0;0;0;0;0;0;0;0;0;0;0;0;0;0;0;0;0;0;0;0;0;0;0;0;0;0;0;0;0;0;0;0;0;0;0;0;0;0;0;0;0;0;0;0;0;0;0;0;0;0;0;0;0;0;0;0;0;0;0;0;0;0;0;0;0;0;0;0;1.10307;0;0;0;0;0;0;0;0;0;0;0;0;0;0;0;0;0;0;0;0;0;0;0;0;0;0;0;0;0;0;0;0;0;0;0;0;0;0;0;0;0;0;0;0;0;0;0;0;0
/Brass/Trumpet_C+sordina_harmon/ordinario/TpC+SH-ord-C4-mf-N-T18d.wav;0.00416755;0;0;0;0;0.00434231;0;0;0;0.00628532;0;0;0;0;0;0;0;0;0.00383394;0;0;0;0;0;0.654162;0;0;0;0;0;0;0;0;0;0;0;0;0;0;0;0;0;0;0;0;0;0;0;0;0.121857;0;0;0;0;0;0;0;0;0;0;0;0;0;0;0;0;0;0;0;0;0;0;0;0.0825131;0;0;0;0;0;0;0;0;0;0;0;0;0;0;0;0;0;0;0;0;0;0;0;0.0231581;0;0;0;0;0;0;0;0;0;0;0;0;0;0;0;0;0;0;0;0;0;0;0;0.0298697;0;0;0;0;0;0;0;0;0;0;0;0;0;0;0;0;0;0;0;0;0;0;0;0;0.0229192;0;0;0;0;0;0;0;0;0;0;0;0;0;0;0;0;0;0;0;0;0;0;0;0.0159079;0;0;0;0;0;0;0;0;0;0;0;0;0;0;0;0;0;0;0;0;0;0;0;0.123735;0;0;0;0;0.00321268;0;0;0;0;0;0;0;0;0;0;0;0;0;0;0;0;0;0;0.0158768;0;0;0;0;0;0;0;0;0;0;0;0;0;0;0;0;0;0;0;0;0;0;0;0;0.0544205;0;0;0;0;0;0;0;0;0;0;0;0
/Brass/Trumpet_C+sordina_harmon/ordinario/TpC+SH-ord-C5-mf-N-T12u.wav;0;0;0;0;0;0;0;0;0;0;0;0;0;0;0;0;0;0;0;0;0;0;0;0;0;0;0;0;0;0;0;0;0;0;0;0;0;0;0;0;0;0;0;0;0;0;0;0;0;0.336157;0;0;0;0;0;0;0;0;0;0;0;0;0;0;0;0;0;0;0;0;0;0;0;0;0;0;0;0;0;0;0;0;0;0;0;0;0;0;0;0;0;0;0;0;0;0;0;0.0756744;0;0;0;0;0;0;0;0;0;0;0;0;0;0;0;0;0;0;0;0;0;0;0;0;0;0;0;0;0;0;0;0;0;0;0;0;0;0;0;0;0;0;0;0;0;0;0;0;0.152689;0;0;0;0;0;0;0;0;0;0;0;0;0;0;0;0;0;0;0;0;0;0;0;0;0;0;0;0;0;0;0;0;0;0;0;0;0;0;0;0;0;0;0;0;0;0;0;0;0.516733;0;0;0;0;0;0;0;0;0;0;0;0;0;0;0;0;0;0;0;0;0;0;0;0;0;0;0;0;0;0;0;0;0;0;0;0;0;0;0;0;0;0;0;0;0;0;0;0.340753;0;0;0;0;0;0;0;0;0;0;0;0
/Brass/Trumpet_C+sordina_harmon/ordinario/TpC+SH-ord-C6-mf-N-N.wav;0;0;0;0;0;0;0;0;0;0;0;0;0;0;0;0;0;0;0;0;0;0;0;0;0;0;0;0;0;0;0;0;0;0;0;0;0;0;0;0;0;0;0;0;0;0;0;0;0;0;0;0;0;0;0;0;0;0;0;0;0;0;0;0;0;0;0;0;0;0;0;0;0;0;0;0;0;0;0;0;0;0;0;0;0;0;0;0;0;0;0;0;0;0;0;0;0;0.372504;0;0;0;0;0;0;0;0;0;0;0;0;0;0;0;0;0;0;0;0;0;0;0;0;0;0;0;0;0;0;0;0;0;0;0;0;0;0;0;0;0;0;0;0;0;0;0;0;0;0;0;0;0;0;0;0;0;0;0;0;0;0;0;0;0;0;0;0;0;0;0;0;0;0;0;0;0;0;0;0;0;0;0;0;0;0;0;0;0;0;0;0;0;0;0;0;0;1.17496;0;0;0;0;0;0;0;0;0;0;0;0;0;0;0;0;0;0;0;0;0;0;0;0;0;0;0;0;0;0;0;0;0;0;0;0;0;0;0;0;0;0;0;0;0;0;0;0;0;0;0;0;0;0;0;0;0;0;0;0
/Brass/Trumpet_C+sordina_harmon/ordinario/TpC+SH-ord-D#4-mf-N-N.wav;0;0;0;0;0;0;0;0;0;0;0;0;0;0;0;0;0;0;0;0;0;0;0;0;0;0;0;0;0;0.487345;0;0;0;0;0;0;0;0;0;0;0;0;0;0;0;0;0;0;0;0;0;0;0;0;0;0;0;0;0.271017;0;0;0;0;0;0;0;0;0;0;0;0;0;0;0;0;0;0;0;0;0;0;0;0;0;0;0;0;0.100853;0;0;0;0;0;0;0;0;0;0;0;0;0;0;0;0;0;0;0;0;0;0;0;0;0;0;0;0;0.0372774;0;0;0;0;0;0;0;0;0;0;0;0;0;0;0;0;0;0;0;0;0;0;0;0;0;0;0;0;0.0635687;0;0;0;0;0;0;0;0;0;0;0;0;0;0;0;0;0;0;0;0;0;0;0;0;0;0;0;0;0.0389724;0;0;0;0;0;0;0;0;0;0;0;0;0;0;0;0;0;0;0;0;0;0;0;0;0;0;0;0;0.234135;0;0;0;0;0;0;0;0;0;0;0;0;0;0;0;0;0;0;0;0;0;0;0;0;0;0;0;0;0.163083;0;0;0;0;0;0;0;0;0;0;0;0;0;0;0;0;0;0;0;0;0;0;0
/Brass/Trumpet_C+sordina_harmon/ordinario/TpC+SH-ord-D#5-mf-N-T20u.wav;0;0;0;0;0;0;0;0;0;0;0;0;0;0;0;0;0;0;0;0;0;0;0;0;0;0;0;0;0;0;0;0;0;0;0;0;0;0;0;0;0;0;0;0;0;0;0;0;0;0;0;0;0;0;0;0;0;0;0.29485;0;0;0;0;0;0;0;0;0;0;0;0;0;0;0;0;0;0;0;0;0;0;0;0;0;0;0;0;0;0;0;0;0;0;0;0;0;0;0;0;0;0;0;0;0;0;0;0;0;0;0;0;0;0;0;0;0.151353;0;0;0;0;0;0;0;0;0;0;0;0;0;0;0;0;0;0;0;0;0;0;0;0;0;0;0;0;0;0;0;0;0;0;0;0;0;0;0;0;0;0;0;0;0;0;0;0;0;0;0;0;0;0;0;0;0;0.148184;0;0;0;0;0;0;0;0;0;0;0;0;0;0;0;0;0;0;0;0;0;0;0;0;0;0;0;0;0;0;0;0;0;0;0;0;0;0;0;0;0;0;0;0;0;0;0;0;0;0;0;0;0;0;0;0;0;0.561655;0;0;0;0;0;0;0;0;0;0;0;0;0;0;0;0;0;0;0;0;0;0;0;0
/Brass/Trumpet_C+sordina_harmon/ordinario/TpC+SH-ord-D#6-mf-N-N.wav;0;0;0;0;0;0;0;0;0;0;0;0;0;0;0;0;0;0;0;0;0;0;0;0;0;0;0;0;0;0;0;0;0;0;0;0;0;0;0;0;0;0;0;0;0;0;0;0;0;0;0;0;0;0;0;0;0;0;0;0;0;0;0;0;0;0;0;0;0;0;0;0;0;0;0;0;0;0;0;0;0;0;0;0;0;0;0;0;0;0;0;0;0;0;0;0;0;0;0;0;0;0;0;0;0;0;0;0;0;0;0;0;0;0;0;0;0.478014;0;0;0;0;0;0;0;0;0;0;0;0;0;0;0;0;0;0;0;0;0;0;0;0;0;0;0;0;0;0;0;0;0;0;0;0;0;0;0;0;0;0;0;0;0;0;0;0;0;0;0;0;0;0;0;0;0;0;0;0;0;0;0;0;0;0;0;0;0;0;0;0;0;0;0;0;0;0;0;0;0;0;0;0;0;0;0;0;0;0;0;0;0;0;0;0;0;0;0;0;0;0;0;0;0;0;0;0;0;0;0;0;0;0;0;0;0.648798;0;0;0;0;0;0;0;0;0.00874993;0;0;0;0;0;0;0;0;0;0;0;0;0
/Brass/Trumpet_C+sordina_harmon/ordinario/TpC+SH-ord-D4-mf-N-N.wav;0.00398864;0;0;0;0;0.00502124;0;0;0;0.00622051;0;0;0;0;0;0;0;0;0;0.00370151;0;0;0;0;0;0;0;0.239082;0;0;0;0;0;0;0;0;0;0;0;0;0;0;0;0;0;0;0;0;0;0;0;0;0;0;0;0.197645;0;0;0;0;0;0;0;0;0;0;0;0;0;0;0;0;0;0;0;0;0;0;0;0;0;0;0.108225;0;0;0;0;0;0;0;0;0;0;0;0;0;0;0;0;0;0;0;0;0;0;0;0;0;0;0.0197839;0;0;0;0;0;0;0;0;0;0;0;0;0;0;0;0;0;0;0;0;0;0;0;0;0;0;0;0.0430132;0;0;0;0;0;0;0;0;0;0;0;0;0;0;0;0;0;0;0;0;0;0;0;0;0;0;0.037697;0;0;0;0;0;0;0;0;0;0;0;0;0;0;0;0;0;0;0;0;0;0;0;0;0;0;0.117946;0;0;0;0;0;0;0;0.00484078;0;0;0;0;0;0;0;0;0;0;0;0;0;0;0;0;0;0;0;0.0634225;0;0;0;0;0;0;0;0;0;0;0;0;0;0;0;0;0;0;0;0;0;0;0;0;0;0;0.0855008;0;0;0;0;0;0;0.00299346;0;0
/Brass/Trumpet_C+sordina_harmon/ordinario/TpC+SH-ord-D5-mf-N-R100u.wav;0;0;0;0;0;0;0;0;0;0;0;0;0;0;0;0;0;0;0;0;0;0;0;0;0;0;0;0;0;0;0;0;0;0;0;0;0;0;0;0;0;0;0;0;0;0;0;0;0;0;0;0;0;0;0.265152;0;0;0;0;0;0;0;0;0;0;0;0;0;0;0;0;0;0;0;0;0;0;0;0;0;0;0;0;0;0;0;0;0;0;0;0;0;0;0;0;0;0;0;0;0;0;0;0;0;0;0;0;0;0;0.0332463;0;0;0;0;0;0;0;0;0;0;0;0;0;0;0;0;0;0;0;0;0;0;0;0;0;0;0;0;0;0;0;0;0;0;0;0;0;0;0;0;0;0;0;0;0;0;0;0;0;0;0;0;0;0.216131;0;0;0;0;0;0;0;0;0;0;0;0;0;0;0;0;0;0;0;0;0;0;0;0;0;0;0;0;0;0;0;0;0;0;0;0;0;0;0;0;0;0;0;0;0;0;0;0;0;0;0;0;0;0.539175;0;0;0;0;0;0;0;0;0;0;0;0;0;0;0;0;0;0;0;0;0;0;0;0;0;0;0;0;0;0;0;0;0;0;0;0;0;0
/Brass/Trumpet_C+sordina_harmon/ordinario/TpC+SH-ord-D6-mf-N-T11d.wav;0;0;0;0;0;0;0;0;0;0;0;0;0;0;0;0;0;0;0;0;0;0;0;0;0;0;0;0;0;0;0;0;0;0;0;0;0;0;0;0;0;0;0;0;0;0;0;0;0;0;0;0;0;0;0;0;0;0;0;0;0;0;0;0;0;0;0;0;0;0;0;0;0;0;0;0;0;0;0;0;0;0;0;0;0;0;0;0;0;0;0;0;0;0;0;0;0;0;0;0;0;0;0;0;0;0;0;0;0;0.430213;0;0;0;0;0;0;0;0;0;0;0;0;0;0;0;0;0;0;0;0;0;0;0;0;0;0;0;0;0;0;0;0;0;0;0;0;0;0;0;0;0;0;0;0;0;0;0;0;0;0;0;0;0;0;0;0;0;0;0;0;0;0;0;0;0;0;0;0;0;0;0;0;0;0;0;0;0;0;0;0;0;0;0;0;0;0;0;0;0;0;0;0;0;0;0;0;0;0;0;0;0;0;0;0;0;0;0;0;0.244655;0;0;0;0;0;0;0;0;0;0;0;0;0;0;0;0;0;0;0;0;0;0;0;0;0;0;0;0;0;0;0;0;0;0;0;0;0
/Brass/Trumpet_C+sordina_harmon/ordinario/TpC+SH-ord-E4-mf-N-N.wav;0;0;0;0;0;0;0;0;0;0;0;0;0;0;0;0;0;0;0;0;0;0;0;0;0;0;0;0;0;0;0;0.692216;0;0;0;0;0;0;0;0;0;0;0;0;0;0;0;0;0;0;0;0;0;0;0;0;0;0;0;0;0;0.224847;0;0;0;0;0;0;0;0;0;0;0;0;0;0;0;0;0;0;0;0;0;0;0;0;0;0;0;0;0;0;0.0558835;0;0;0;0;0;0;0;0;0;0;0;0;0;0;0;0;0;0;0;0;0;0;0;0;0;0;0;0;0;0;0.0346367;0;0;0;0;0;0;0;0;0;0;0;0;0;0;0;0;0;0;0;0;0;0;0;0;0;0;0;0;0;0;0.0680263;0;0;0;0;0;0;0;0;0;0;0;0;0;0;0;0;0;0;0;0;0;0;0;0;0;0;0;0;0;0.138373;0;0;0;0;0;0;0;0;0;0;0;0;0;0;0;0;0;0;0;0;0;0;0;0;0;0;0;0;0;0;0.155998;0;0;0;0;0;0;0;0;0;0;0;0;0;0;0;0;0;0;0;0;0;0;0;0;0;0;0;0;0;0;0.23271;0;0;0;0;0;0;0;0;0
/Brass/Trumpet_C+sordina_harmon/ordinario/TpC+SH-ord-E5-mf-N-T19u.wav;0;0;0;0;0;0;0;0;0;0;0;0;0;0;0;0;0;0;0;0;0;0;0;0;0;0;0;0;0;0;0;0;0;0;0;0;0;0;0;0;0;0;0;0;0;0;0;0;0;0;0;0;0;0;0;0;0;0;0;0;0;0.410724;0;0;0;0;0;0;0;0;0;0;0;0;0;0;0;0;0;0;0;0;0;0;0;0;0;0;0;0;0;0;0;0;0;0;0;0;0;0;0;0;0;0;0;0;0;0;0;0;0;0;0;0;0;0;0;0;0;0;0;0;0.231695;0;0;0;0;0;0;0;0;0;0;0;0;0;0;0;0;0;0;0;0;0;0;0;0;0;0;0;0;0;0;0;0;0;0;0;0;0;0;0;0;0;0;0;0;0;0;0;0;0;0;0;0;0;0;0;0;0;0;0;0;0;0.266549;0;0;0;0;0;0;0;0;0;0;0;0;0;0;0;0;0;0;0;0;0;0;0;0;0;0;0;0;0;0;0;0;0;0;0;0;0;0;0;0;0;0;0;0;0;0;0;0;0;0;0;0;0;0;0;0;0;0;0;0;0.674521;0;0;0;0;0;0;0;0;0;0
/Brass/Trumpet_C+sordina_harmon/ordinario/TpC+SH-ord-F#3-mf-N-N.wav;0;0;0;0;0;0;0;0;0;0;0;0;0;0;0;0;0;0.677791;0;0;0;0;0;0;0;0;0;0;0;0;0;0;0;0;0.252001;0;0;0;0;0;0;0;0;0;0;0;0;0;0;0;0;0.136102;0;0;0;0;0;0;0;0;0;0;0;0;0;0;0;0;0;0.0583807;0;0;0;0;0;0;0;0;0;0;0;0;0;0;0;0;0.0289672;0;0;0;0;0;0;0;0;0;0;0;0;0;0;0;0;0.0267406;0;0;0;0;0;0;0;0;0;0;0;0;0;0;0;0;0.0279889;0;0;0;0;0;0;0;0;0;0;0;0;0;0;0;0;0.047334;0;0;0;0;0;0;0;0;0;0;0;0;0;0;0;0;0.0227067;0;0;0;0;0;0;0;0;0;0;0;0;0;0;0;0;0.0152223;0;0;0;0;0;0;0;0;0;0;0;0;0;0;0;0;0.0670486;0;0;0;0;0;0;0;0;0;0;0;0;0;0;0;0;0.0661979;0;0;0;0;0;0;0;0;0;0;0;0;0;0;0;0;0.0253782;0;0;0;0;0;0;0;0;0;0;0;0;0;0;0;0;0.0880763;0;0;0;0;0;0;0;0;0;0;0;0;0;0;0;0
/Brass/Trumpet_C+sordina_harmon/ordinario/TpC+SH-ord-F#4-mf-N-N.wav;0;0;0;0;0;0;0;0;0;0;0;0;0;0;0;0;0;0;0;0;0;0;0;0;0;0;0;0;0;0;0;0;0;0;0.707345;0;0;0;0;0;0;0;0;0;0;0;0;0;0;0;0;0;0;0;0;0;0;0;0;0;0;0;0;0;0;0;0;0;0;0.0938258;0;0;0;0;0;0;0;0;0;0;0;0;0;0;0;0;0;0;0;0;0;0;0;0;0;0;0;0;0;0;0;0;0;0.0780595;0;0;0;0;0;0;0;0;0;0;0;0;0;0;0;0;0;0;0;0;0;0;0;0;0;0;0;0;0;0;0;0;0;0.0718808;0;0;0;0;0;0;0;0;0;0;0;0;0;0;0;0;0;0;0;0;0;0;0;0;0;0;0;0;0;0;0;0;0;0;0.0555604;0;0;0;0;0;0;0;0;0;0;0;0;0;0;0;0;0;0;0;0;0;0;0;0;0;0;0;0;0;0;0;0;0;0.236665;0;0;0;0;0;0;0;0;0;0;0;0;0;0;0;0;0;0;0;0;0;0;0;0;0;0;0;0;0;0;0;0;0;0.231156;0;0;0;0;0;0;0;0;0;0;0;0;0;0;0
/Brass/Trumpet_C+sordina_harmon/ordinario/TpC+SH-ord-F#5-mf-N-N.wav;0;0;0;0;0;0;0;0;0;0;0;0;0;0;0;0;0;0;0;0;0;0;0;0;0;0;0;0;0;0;0;0;0;0;0;0;0;0;0;0;0;0;0;0;0;0;0;0;0;0;0;0;0;0;0;0;0;0;0;0;0;0;0;0;0;0;0;0;0.344115;0;0;0;0;0;0;0;0;0;0;0;0;0;0;0;0;0;0;0;0;0;0;0;0;0;0;0;0;0;0;0;0;0;0;0;0;0;0;0;0;0;0;0;0;0;0;0;0;0;0;0;0;0;0;0;0;0;0;0;0;0;0;0;0;0;0;0;0;0.199209;0;0;0;0;0;0;0;0;0;0;0;0;0;0;0;0;0;0;0;0;0;0;0;0;0;0;0;0;0;0;0;0;0;0;0;0;0;0;0;0;0;0;0;0;0;0;0;0;0;0;0;0;0;0;0;0;0;0;0;0;0;0;0;0;0;0;0;0.706506;0;0;0;0;0;0;0;0;0;0;0;0;0;0;0;0;0;0;0;0;0;0;0;0;0;0;0;0;0;0;0;0;0;0;0;0;0;0;0;0;0;0;0;0;0;0;0;0;0;0
/Brass/Trumpet_C+sordina_harmon/ordinario/TpC+SH-ord-F4-mf-N-N.wav;0;0;0;0;0;0;0;0;0;0;0;0;0;0;0;0;0;0;0;0;0;0;0;0;0;0;0;0;0;0;0;0;0.619428;0;0;0;0;0;0;0;0;0;0;0;0;0;0;0;0;0;0;0;0;0;0;0;0;0;0;0;0;0;0;0;0;0.185612;0;0;0;0;0;0;0;0;0;0;0;0;0;0;0;0;0;0;0;0;0;0;0;0;0;0;0;0;0;0;0;0.0668999;0;0;0;0;0;0;0;0;0;0;0;0;0;0;0;0;0;0;0;0;0;0;0;0;0;0;0;0;0;0;0;0;0.0789924;0;0;0;0;0;0;0;0;0;0;0;0;0;0;0;0;0;0;0;0;0;0;0;0;0;0;0;0;0;0;0;0.0697832;0;0;0;0;0;0;0;0;0;0;0;0;0;0;0;0;0;0;0;0;0;0;0;0;0;0;0;0;0;0;0;0.417565;0;0;0;0;0;0;0;0;0;0;0;0;0;0;0;0;0;0;0;0;0;0;0;0;0;0;0;0;0;0;0;0;0.175099;0;0;0;0;0;0;0;0;0;0;0;0;0;0;0;0;0;0;0;0;0;0;0;0;0;0;0;0
/Brass/Trumpet_C+sordina_harmon/ordinario/TpC+SH-ord-F5-mf-N-N.wav;0;0;0;0;0;0;0;0;0;0;0;0;0;0;0;0;0;0;0;0;0;0;0;0;0;0;0;0;0;0;0;0;0;0;0;0;0;0;0;0;0;0;0;0;0;0;0;0;0;0;0;0;0;0;0;0;0;0;0;0;0;0;0;0;0;0.608702;0;0;0;0;0;0;0;0;0;0;0;0;0;0;0;0;0;0;0;0;0;0;0;0;0;0;0;0;0;0;0;0;0;0;0;0;0;0;0;0;0;0;0;0;0;0;0;0;0;0;0;0;0;0;0;0;0;0;0;0;0;0;0;0.297629;0;0;0;0;0;0;0;0;0;0;0;0;0;0;0;0;0;0;0;0;0;0;0;0;0;0;0;0;0;0;0;0;0;0;0;0;0;0;0;0;0;0;0;0;0;0;0;0;0;0;0;0;0;0;0;0;0;0;0;0;0;0;0;0;1.0005;0;0;0;0;0;0;0;0;0.0167971;0;0;0;0;0;0;0;0;0;0;0;0;0;0;0;0;0;0;0;0;0;0;0;0;0;0;0;0;0;0;0;0;0;0;0;0;0;0;0;0;0;0;0;0;0;0.0146388;0;0;0;0;0;0
/Brass/Trumpet_C+sordina_harmon/ordinario/TpC+SH-ord-G#3-mf-N-N.wav;0;0;0;0;0;0;0;0;0;0;0;0;0;0;0;0;0;0;0;0.631971;0;0;0;0;0;0;0;0;0;0;0;0;0;0;0;0;0;0;0.210047;0;0;0;0;0;0;0;0;0;0;0;0;0;0;0;0;0;0;0;0.186581;0;0;0;0;0;0;0;0;0;0;0;0;0;0;0;0;0;0;0.0791547;0;0;0;0;0;0;0;0;0;0;0;0;0;0;0;0;0;0;0.0412733;0;0;0;0;0;0;0;0;0;0;0;0;0;0;0;0;0;0;0.0260881;0;0;0;0;0;0;0;0;0;0;0;0;0;0;0;0;0;0;0.0520341;0;0;0;0;0;0;0;0;0;0;0;0;0;0;0;0;0;0;0;0.0373457;0;0;0;0;0;0;0;0;0;0;0;0;0;0;0;0;0;0;0.031353;0;0;0;0;0;0;0;0;0;0;0;0;0;0;0;0;0;0;0.204771;0;0;0;0;0;0;0;0;0;0;0;0;0;0;0;0;0;0;0.061475;0;0;0;0;0;0;0;0;0;0;0;0;0;0;0;0;0;0;0.127416;0;0;0;0;0;0;0;0;0;0;0;0;0;0;0;0;0;0;0;0.177154;0;0;0;0;0
/Brass/Trumpet_C+sordina_harmon/ordinario/TpC+SH-ord-G#4-mf-N-N.wav;0;0;0;0;0;0;0;0;0;0;0;0;0;0;0;0;0;0;0;0;0;0;0;0;0;0;0;0;0;0;0;0;0;0;0;0;0;0;0;0.433121;0;0;0;0;0;0;0;0;0;0;0;0;0;0;0;0;0;0;0;0;0;0;0;0;0;0;0;0;0;0;0;0;0;0;0;0;0;0.155989;0;0;0;0;0;0;0;0;0;0;0;0;0;0;0;0;0;0;0;0;0;0;0;0;0;0;0;0;0;0;0;0;0;0;0;0;0;0;0.0669984;0;0;0;0;0;0;0;0;0;0;0;0;0;0;0;0;0;0;0;0;0;0;0;0;0;0;0;0;0;0;0;0;0;0;0;0;0;0.100504;0;0;0;0;0;0;0;0;0;0;0;0;0;0;0;0;0;0;0;0;0;0;0;0;0;0;0;0;0;0;0;0;0;0;0;0;0;0;0.380248;0;0;0;0;0;0;0;0;0;0;0;0;0;0;0;0;0;0;0;0;0;0;0;0;0;0;0;0;0;0;0;0;0;0;0;0;0;0.185351;0;0;0;0;0;0;0;0;0;0;0;0;0;0;0;0;0;0;0;0;0;0;0;0
/Brass/Trumpet_C+sordina_harmon/ordinario/TpC+SH-ord-G#5-mf-N-N.wav;0;0;0;0;0;0;0;0;0;0;0;0;0;0;0;0;0;0;0;0;0;0;0;0;0;0;0;0;0;0;0;0;0;0;0;0;0;0;0;0;0;0;0;0;0;0;0;0;0;0;0;0;0;0;0;0;0;0;0;0;0;0;0;0;0;0;0;0;0;0;0;0;0;0;0;0;0;0.226449;0;0;0;0;0;0;0;0;0;0;0;0;0;0;0;0;0;0;0;0;0;0;0;0;0;0;0;0;0;0;0;0;0;0;0;0;0;0;0;0;0;0;0;0;0;0;0;0;0;0;0;0;0;0;0;0;0;0;0;0;0;0;0;0;0;0;0;0;0;0;0;0;0;0;0;0;0;0.349437;0;0;0;0;0;0;0;0;0;0;0;0;0;0;0;0;0;0;0;0;0;0;0;0;0;0;0;0;0;0;0;0;0;0;0;0;0;0;0;0;0;0;0;0;0;0;0;0;0;0;0;0;0;0;0;0;0;0;0;0;0;0;0;0;0;0;0;0;0;0;0;0;0;0;0;0;0.849451;0;0;0;0;0;0;0;0;0;0;0;0;0;0;0;0;0;0;0;0;0;0;0
/Brass/Trumpet_C+sordina_harmon/ordinario/TpC+SH-ord-G3-mf-N-N.wav;0;0;0;0;0;0;0;0;0;0;0;0;0;0;0;0;0;0;0.601703;0;0;0;0;0;0;0;0;0;0;0;0;0;0;0;0;0;0.24323;0;0;0;0;0;0;0;0;0;0;0;0;0;0;0;0;0;0;0.176385;0;0;0;0;0;0;0;0;0;0;0;0;0;0;0;0;0;0.0519793;0;0;0;0;0;0;0;0;0;0;0;0;0;0;0;0;0;0.0316424;0;0;0;0;0;0;0;0;0;0;0;0;0;0;0;0;0;0.0274838;0;0;0;0;0;0;0;0;0;0;0;0;0;0;0;0;0;0.0605448;0;0;0;0;0;0;0;0;0;0;0;0;0;0;0;0;0;0;0.0479757;0;0;0;0;0;0;0;0;0;0;0;0;0;0;0;0;0;0.0278969;0;0;0;0;0;0;0;0;0;0;0;0;0;0;0;0;0;0.0972783;0;0;0;0;0;0;0;0;0;0;0;0;0;0;0;0;0;0.272965;0;0;0;0;0;0;0;0;0;0;0;0;0;0;0;0;0;0;0.0234924;0;0;0;0;0;0;0;0;0;0;0;0;0;0;0;0;0;0.243484;0;0;0;0;0;0;0;0;0;0;0;0;0;0;0;0;0;0.210084
/Brass/Trumpet_C+sordina_harmon/ordinario/TpC+SH-ord-G4-mf-N-N.wav;0;0;0;0;0;0;0;0;0;0;0;0;0;0;0;0;0;0;0;0;0;0;0;0;0;0;0;0;0;0;0;0;0;0;0;0;0.797828;0;0;0;0;0;0;0;0;0;0;0;0;0;0;0;0;0;0;0;0;0;0;0;0;0;0;0;0;0;0;0;0;0;0;0;0;0.167365;0;0;0;0;0;0;0;0;0;0;0;0;0;0;0;0;0;0;0;0;0;0;0;0;0;0;0;0;0;0;0;0;0;0;0;0.0561902;0;0;0;0;0;0;0;0;0;0;0;0;0;0;0;0;0;0;0;0;0;0;0;0;0;0;0;0;0;0;0;0;0;0;0;0;0.154129;0;0;0;0;0;0;0;0;0;0;0;0;0;0;0;0;0;0;0;0;0;0;0;0;0;0;0;0;0;0;0;0;0;0;0;0.191787;0;0;0;0;0;0;0;0;0;0;0;0;0;0;0;0;0;0;0;0;0;0;0;0;0;0;0;0;0;0;0;0;0;0;0;0.326389;0;0;0;0;0;0;0;0;0;0;0;0;0;0;0;0;0;0;0;0;0;0;0;0;0;0;0;0;0;0;0;0;0;0;0;0;0.45352
/Brass/Trumpet_C+sordina_harmon/ordinario/TpC+SH-ord-G5-mf-N-N.wav;0;0;0;0;0;0;0;0;0;0;0;0;0;0;0;0;0;0;0;0;0;0;0;0;0;0;0;0;0;0;0;0;0;0;0;0;0;0;0;0;0;0;0;0;0;0;0;0;0;0;0;0;0;0;0;0;0;0;0;0;0;0;0;0;0;0;0;0;0;0;0;0;0;0.354008;0;0;0;0;0;0;0;0;0;0;0;0;0;0;0;0;0;0;0;0;0;0;0;0;0;0;0;0;0;0;0;0;0;0;0;0;0;0;0;0;0;0;0;0;0;0;0;0;0;0;0;0;0;0;0;0;0;0;0;0;0;0;0;0;0;0;0;0;0;0;0;0;0.356801;0;0;0;0;0;0;0;0;0;0;0;0;0;0;0;0;0;0;0;0;0;0;0;0;0;0;0;0;0;0;0;0;0;0;0;0;0;0;0;0;0;0;0;0;0;0;0;0;0;0;0;0;0;0;0;0;0;0;0;0;0;0;0;0;0;0;0;0;0;0;0;0;0.60092;0;0;0;0;0;0;0;0;0;0;0;0;0;0;0;0;0;0;0;0;0;0;0;0;0;0;0;0;0;0;0;0;0;0;0;0
